NC_020133.1
18564 19106
33698 44497
79482 90788
97539 98902
101955 102062
102190 103330
117196 118650
147219 147964
152971 154079
180251 182247
204297 205821
207475 208700
213069 213742
225973 227338
244770 244928
265990 267362
274895 276394
292065 293440
293682 295082
295576 296064
377956 382691
382955 393152
401712 404572
455604 457307
488933 489836
499860 500158
519124 520064
520211 520417
525922 535212
537448 538812
540743 542642
552889 553043
561446 562821
567594 568343
594699 594997
624488 624670
626411 644582
644897 646272
646957 648332
654698 654792
656035 656505
660165 660963
661991 662398
662631 662723
664009 664414
674944 675471
683198 683479
712371 713745
736449 736681
743675 746368
748755 749575
756796 759794
785922 786414
787839 787910
799931 800006
824439 826237
846268 846831
847246 848547
874251 875883
878428 880127
882838 884211
885039 886018
889292 890656
909013 912493
942626 943111
944194 954365
956269 959521
1051720 1054198
1056051 1138351
1143540 1148396
1188957 1190330
1203391 1205082
1219483 1220597
1255684 1258440
1259188 1259841
1353015 1354118
1356061 1357435
1358592 1359943
1407059 1413741
1429036 1429229
1446755 1446935
1448747 1449385
1451293 1452173
1454204 1455944
1456540 1457106
1457681 1457823
1465373 1465807
1508937 1508988
1576489 1577017
1578212 1579438
1593656 1594585
1595183 1595690
1616783 1624241
1656922 1657277
1688128 1688297
1689086 1689988
1700150 1703719
1704528 1705234
1722045 1723921
1725776 1727148
1734622 1734925
1735767 1736881
1743807 1744059
1755142 1756506
1757223 1758511
1777069 1779712
1780371 1781744
1793615 1794545
1794681 1794990
1795111 1801583
1801682 1801755
1817287 1818661
1848241 1849697
1850616 1856596
1861538 1861620
1861912 1863285
1878845 1880209
1883833 1891001
1908372 1911673
1957753 1957809
1993161 1994265
2002531 2004913
2016641 2017450
2059493 2059675
2060668 2062043
2091453 2092581
2121819 2121877
2150064 2151211
2154543 2159350
2179721 2179783
2181607 2218905
2242869 2245758
2286885 2288364
2324197 2324251
2333837 2335204
2346987 2348102
2353888 2355630
2377456 2377858
2377996 2380427
2402164 2403814
2405076 2406702
2406972 2410356
2417080 2419777
2427442 2433127
2438991 2440364
2444818 2445009
2462629 2462725
2481456 2482593
2489104 2489171
2494699 2496072
2498575 2498978
2505917 2507627
2520795 2522158
2522710 2525167
2547788 2549161
2561885 2562752
2567235 2568609
2573071 2582526
2582888 2583803
2583891 2585321
2604217 2605500
2623450 2634494
2636705 2637822
2651942 2654524
2666281 2668007
2702510 2703028
2712065 2712138
2716455 2726449
2731408 2738010
2739416 2742691
2744069 2744296
2745484 2745656
2746744 2748108
2753315 2753408
2761579 2761791
2773129 2774401
2774536 2801309
2803371 2805712
2827459 2829141
2846510 2846651
2851581 2851812
2859788 2864830
2881813 2881962
2891600 2893204
2895781 2896082
2902553 2905802
2909328 2910701
2935547 2938968
2947459 2950291
2961043 2963597
2984415 2985774
2993006 2994382
2997062 2997258
3002429 3003045
3015254 3016628
3026995 3027257
3028035 3028092
3054284 3056141
3057298 3058674
3072700 3080613
3081404 3082078
3088819 3093214
3111409 3112329
3115504 3115558
3119304 3121608
3130522 3130930
3138796 3144540
3192163 3192861
3220365 3220535
3260813 3262974
3264873 3265708
3266726 3266803
3275322 3275529
3276862 3277042
3277653 3277884
3278241 3279079
3279606 3279889
3281383 3281963
3282624 3283515
3284161 3284226
3284431 3284855
3289067 3289453
3312108 3325944
3333432 3334807
3355834 3356009
3358774 3363235
3365443 3366808
3372007 3373242
3392637 3392722
3410661 3414850
3416785 3421240
3485177 3486549
3488800 3491628
3556374 3557739
3558237 3561927
3564990 3590724
3591914 3592099
3608307 3608382
3609764 3609848
3630463 3631706
3632384 3632623
3635365 3636984
3655811 3656537
3656883 3657946
3663025 3664076
3671623 3672738
3687208 3688622
3694198 3698738
3718101 3719263
3740808 3741465
3774683 3774771
3788529 3788616
3791408 3799286
3799869 3801573
3803311 3803637
3803765 3804191
3805738 3807112
3809707 3815280
3824072 3825589
3843801 3844317
3857323 3857387
3865162 3865915
3866343 3867203
3872185 3901451
3919285 3920340
3930301 3930380
3935141 3936421
3943272 3944510
3947314 3961985
3965312 3965994
3974770 3975571
3979241 3979487
4000710 4001290
4005241 4006524
4024627 4025612
4045336 4045711
4077513 4078467
4085147 4085885
4086211 4086522
4102208 4103583
4105368 4132912
4140825 4147293
4147590 4148965
4155540 4155759
4156427 4158136
4158757 4158851
4159789 4159917
4160769 4162144
4164400 4165090
4172170 4172274
4187636 4187839
4194643 4196016
4208818 4210059
4221075 4221187
4222092 4223578
4236154 4237519
4238567 4241783
4243354 4247458
4258674 4261052
4266202 4267577
4324261 4326689
4341164 4341707
4360164 4362264
4363558 4363796
4364198 4365062
4371379 4371744
4373021 4373195
4373978 4376013
4392510 4393885
4394406 4395912
4409748 4409806
4413668 4415299
4429192 4430567
4431201 4432566
4453530 4458582
4467421 4472098
4473008 4473097
4499511 4500752
4502610 4502829
4520058 4525686
4531034 4553709
4563801 4566008
4598487 4602992
4667272 4667331
4669829 4670186
4686207 4686897
4693073 4694189
4713870 4714758
4739266 4740665
4757378 4757769
4763070 4763132
4788358 4788528
4791826 4792157
4804870 4805304
4822705 4826213
4835228 4836603
4845315 4858128
4861188 4862150
4862278 4862562
4891539 4891836
4893127 4895449
4895760 4898004
4899767 4901142
4918041 4924226
4927453 4933771
4939186 4943421
4958853 4960215
4965937 4967075
4969883 4972422
4983145 4984520
4985587 4986363
4989209 4989989
5002524 5003460
5014918 5015001
5026288 5030763
5036623 5040968
5067110 5077138
5093772 5093846
5106552 5107210
5170315 5171369
5186433 5186807
5193697 5195822
5214867 5215583
5237459 5240520
5244736 5247822
5258609 5259083
5259437 5262517
5275091 5277430
5312936 5313047
5353832 5355206
5380668 5381701
5390578 5391761
5393651 5399847
5400094 5400849
5453686 5455050
5473279 5473432
5473928 5474725
5492277 5493652
5531504 5532615
5579453 5580826
5599541 5599617
5628393 5629468
5663835 5664084
5678345 5679461
5682830 5683412
5709548 5710565
5716255 5720068
5768713 5772876
5775375 5775947
5784999 5786294
5795631 5795837
5796530 5799554
5799963 5801336
5814300 5819244
5894493 5894973
5896478 5898533
5912149 5912344
5916631 5917995
5919995 5920311
5944988 5946225
5957155 5961684
5961888 5962376
5962691 5962759
5965847 5967212
5972946 5980667
5981741 5982025
5985034 5988585
6005424 6007063
6008207 6008331
6015315 6017803
6025815 6034279
6034588 6036092
6038148 6039523
6059617 6061343
6062325 6062390
6064150 6064275
6102638 6102760
6109520 6109584
6128350 6131108
6133629 6133899
6136593 6136933
6137772 6137959
6151552 6152927
6155639 6156025
6161524 6161594
6161722 6162738
6171278 6182338
6182580 6183576
